delay: 0.017012078363592184
nonlinearity_gain: 0.2133492734657785
