an1_ada_filter_tau: 9999.937896100262
an1_ada_strength: 85.7524637276691
an1_filter_delay: 2.265900245685722
an1_filter_exc_dur: 7.595353003606418
an1_filter_exc_sigma: 3.88133594573093
an1_filter_inh_dur: 293.04787364263365
an1_filter_inh_gain: 0.8774626787707686
an1_filter_inh_sigma: 3.813854587313954
an1_ln2_delay: 7.594355080977287
an1_ln2_gain: 1.9385802639842316
an1_ln3_delay: 16.596930018560737
an1_ln3_gain: 0.6596443236333498
an1_nonlinearity_baseline: -0.29039727235773805
an1_nonlinearity_gain: 1.1986301801194412
an1_nonlinearity_shift: 0.6271689149854863
an1_nonlinearity_slope: 10.339203679576736
ln2_filter_exc_dur: 11.876728540999014
ln2_filter_exc_gain: 0.5937909616247742
ln2_filter_exc_sigma: 9.766257228790783
ln2_filter_inh_tau: 15.87651494956352
ln2_ln4_delay: 11.444272347169662
ln2_ln4_gain: -58.268982094014206
ln2_ln5_delay: 13.131162447090048
ln2_ln5_gain: 0.4343449500755029
ln2_nonlinearity_gain: 4.224823085932915
ln3_ada_filter_tau: 1463.9873860710666
ln3_ada_strength: 0.16469528306930364
ln3_ln4_delay: 7.153529811743413
ln3_ln4_gain: 3.752318054346893
ln3_nonlinearity_gain: 3.511416115459637
ln3_nonlinearity_thres: 5.103557756081792
ln3_sub_nonlinearity_gain: 11.361287800960664
ln3_sub_nonlinearity_thres: 0.24466494392923127
ln4_nonlinearity_gain: 6.822903972288159
ln4_nonlinearity_thres: -0.0035988831389031756
ln5_ada_filter_dur: 8.940772033373342
ln5_ada_filter_exc_gain: 0.41860267512442684
ln5_filter_exc_dur: 5.187367599423327
ln5_filter_exc_gain: -0.007541312644823012
ln5_filter_exc_tau: 0.025568053678884418
ln5_filter_inh_gain: 6.504502386016385
ln5_filter_inh_tau: 17.299677839474608
ln5_ln3_delay: 9.675336376488048
ln5_ln3_gain: 43.73029386904895
ln5_nonlinearity_gain: 0.006106069922380754
