damping: -0.0005023775272760689
frequency: 109.3414210774548
output_gain: 0.0024531661930946485
stim_gain: 0.02722601367753088
